-6
31
-249
430
1342
-506
-783
-145
26
-485
-1003
-310
-516
-487
445
-201
-822
-2
337
592
492
719
1239
1491
-183
-501
-276
-697
-575
-1013
-816
-734
-659
-920
-741
56
-223
231
804
2527
954
691
-228
-110
310
1454
-187
594
1648
1451
-1250
-1234
-2642
-1112
-1977
-1390
-2653
2848
2321
250
-2419
1330
-1463
2045
32767
2045
-1463
1330
-2419
250
2321
2848
-2653
-1390
-1977
-1112
-2642
-1234
-1250
1451
1648
594
-187
1454
310
-110
-228
691
954
2527
804
231
-223
56
-741
-920
-659
-734
-816
-1013
-575
-697
-276
-501
-183
1491
1239
719
492
592
337
-2
-822
-201
445
-487
-516
-310
-1003
-485
26
-145
-783
-506
1342
430
-249
31
883
464
256
736
826
-724
-279
-87
-767
-1006
-770
-37
-616
-569
-117
427
-28
-263
544
101
110
529
822
1266
628
415
110
-1067
-642
-346
-1056
156
-616
-63
608
-605
-2511
-927
223
915
-616
1017
1660
2385
1462
-273
-1601
798
100
-397
-2131
-108
494
-8
-3676
-486
302
2150
-1802
-8
93
1339
-125
2037
32767
-715
-1209
3212
-1801
918
3409
4982
-2312
-2802
-3871
-1632
-2452
-1561
-1861
1901
2745
1559
-499
955
342
321
-568
0
601
3009
1069
234
-167
630
-108
-1002
-1293
-1132
-844
-1142
-819
-729
183
211
12
1086
524
329
334
363
-16
382
504
792
272
-957
-510
-463
-1924
-1466
-163
477
-62
-169
1653
833
76
-243
839
-205
49
1124
406
-666
-649
-572
-150
245
-303
-937
66
-48
-471
0
-585
-799
610
592
-30
622
-31
495
932
30
-437
-222
276
1261
40
-865
338
-433
-1718
333
-1529
-968
383
737
-921
240
1919
200
-1529
-200
-812
-712
803
1570
-819
-576
-508
3181
-2022
-1364
-170
298
2704
-563
-2464
486
1749
-2991
32767
5546
-4263
3729
-1840
2118
2764
5459
-2608
-2447
-3496
-1881
-3226
-1193
-1193
2111
2697
1632
-542
1026
15
-490
-1093
110
629
2933
1441
432
189
424
-169
-1075
-1132
-1074
-536
-971
-715
-699
44
-13
-665
635
705
249
222
402
531
780
308
376
476
-879
-868
-756
-1622
-1243
-28
552
319
-294
1580
700
-472
-399
-241
394
-510
-304
237
-1
-204
-322
-45
1257
505
-1241
-237
-108
53
-445
-859
-422
125
805
394
-58
-528
-214
541
507
-427
100
1006
1188
243
-843
-1053
683
-515
-728
309
1070
507
505
-1174
-1855
-1133
-890
-2349
-2219
-477
3042
1430
1178
-1327
569
105
2902
-2055
293
1516
2124
-549
-2736
-1740
186
1557
-2942
32767
4094
-3100
3345
-2387
530
2570
5370
-1899
-2217
-3271
-939
-2285
-890
-1422
2048
2907
1358
-1060
507
-272
-272
-1128
-118
719
3306
1330
-54
-286
662
37
-1038
-801
-412
23
-669
-994
-1254
-236
-155
-839
449
739
898
660
293
4
436
209
217
0
-954
-246
209
-1236
-1266
25
766
156
-831
901
509
-201
-309
-64
-298
-947
-602
449
223
731
-419
-553
-166
446
-253
-508
697
1510
1362
1017
70
-391
-4
-870
-2665
-2143
34
682
-75
-1396
-597
482
1197
94
-139
-122
1520
2316
-130
-1477
-1196
294
785
-1429
-1170
-144
2283
526
-459
-2408
1169
-798
-818
-2141
-503
1999
1916
-1782
-1270
919
3766
-523
2553
-4706
1312
2006
-1718
32767
178
-2717
1928
-1468
640
2986
4730
-2084
-2141
-2880
-941
-2144
-856
-1492
1729
2731
1175
-993
752
515
338
-830
-177
544
2881
813
-409
-764
710
377
-580
-1013
-702
-70
-505
-771
-1447
-252
299
-151
574
215
472
752
519
-347
112
464
834
439
-1112
-706
10
-1326
-1284
-572
440
352
-323
1224
561
54
232
-1006
-468
-435
-541
304
1239
7
22
286
-677
-357
-63
948
1028
623
1235
1528
-491
-1076
-1727
-1845
98
527
-753
-1594
-1015
1328
855
-713
-803
-698
483
383
-1139
-808
957
986
886
-120
523
1859
1389
-1367
658
-435
1212
-271
-1421
-2707
375
1593
945
-4585
-1418
1539
2079
-1552
-2100
-1531
6676
479
-873
-2701
1815
32767
1787
1761
443
-3908
418
4598
3472
-4189
-2911
-1789
-9
-2315
-1870
-1211
2579
2118
97
-740
1360
632
119
-609
798
1059
2223
196
252
57
-96
-1354
-659
294
-84
-1158
-1718
-296
-92
-530
-1359
-869
1674
1908
632
-217
583
1142
914
-987
-1209
139
268
-245
-1459
-2163
288
1355
-56
-1576
-678
2254
1128
-971
-1180
-386
-847
-499
-85
-1169
-141
609
180
709
632
18
363
71
-307
-246
-1152
-359
607
284
302
529
-631
-661
-779
-988
593
-499
249
607
1205
973
-569
-783
1011
1343
-34
-348
885
804
60
-1948
-2033
-3589
-1092
-1054
-1736
-1061
1690
2599
1129
-2016
1631
1602
1152
387
-486
-836
3110
2760
-3725
-2719
-550
2345
-2768
32767
6672
-5531
3989
-2324
1212
1993
5759
-2014
-1879
-3543
-1365
-2192
-213
-1219
1849
3077
1577
-930
147
-817
-542
-912
-33
547
3137
1965
253
-417
258
171
-835
-737
-780
-151
-415
-578
-1149
-690
-252
-465
430
343
435
717
577
109
220
194
412
620
-900
-867
10
-835
-1226
-102
402
244
-470
897
258
-357
-216
141
-1421
-68
-777
-1035
556
317
60
355
-428
439
596
-375
616
288
-429
253
1418
55
-823
-388
-449
-774
-1714
-653
105
-460
89
-86
-484
1025
1691
538
1792
799
631
-635
-286
-1262
-1641
-1059
-861
-956
256
433
-650
-2286
-585
-1001
2598
-151
-375
487
3341
1001
-1510
-3058
3158
1810
840
-1710
153
2760
-6446
32767
4971
-4830
2564
-1441
2111
2810
5037
-2649
-1843
-2984
-1445
-2732
-311
-781
2021
2551
1436
-624
696
-575
-486
-963
216
166
2398
1518
793
-102
360
-73
-617
-595
-1039
-828
-794
-99
-485
-154
-152
-523
775
362
-291
-339
533
734
668
144
522
1229
-401
-1312
-842
-1336
-905
-128
112
164
-37
1733
597
-685
-395
