-12791
29064
-25801
14256
6491
-11810
1314
5255
-11816
-32368
1038
16996
-9920
-5037
9008
26013
19379
185
-26275
-32549
-30043
11116
-15036
-15564
24583
-24887
-26065
19751
29969
-8984
-4745
3183
28577
-8795
23924
30913
-11798
13203
3901
-24408
21369
23926
-3301
28709
-16274
29303
8155
-32328
15640
11881
2076
-23412
-15171
21236
4423
29735
-5048
15295
-18206
-8280
24089
-5084
4570
4730
17697
-20472
-16570
21446
-3774
-3997
-6231
-8121
16368
-6891
-29870
30006
16479
12084
14123
-2037
-27861
-20918
25001
-22951
-7399
25970
16627
18590
-18471
-13650
15028
14575
-4398
-6591
29819
29763
1716
21268
24866
7165
-32076
-4141
-6255
-17969
-17965
-15463
25112
12109
-27300
-20300
-10140
23635
29111
-13648
-17099
-21419
-14789
10384
12025
-5056
12005
-11787
-509
30259
9920
5463
11169
-32041
-10318
-17908
23331
-26821
-26541
21344
-2671
-4736
17031
-5770
8333
8207
-18116
-9029
30775
-28191
7198
4263
22483
-2104
24429
-2410
-11909
-13417
5280
21651
-17055
2525
-23927
-22852
20877
11622
-31196
-30057
-29791
-5943
-11276
-2275
28297
5050
7584
11700
-20986
970
-11531
-19689
-26991
-7538
-18019
-6360
-19632
14546
27858
23392
3110
-21243
5189
-8396
-18722
-27475
-8852
-18664
18292
12921
-11522
-5814
-6291
28692
21956
-9260
8426
-4167
15488
10658
25589
-26479
7018
1098
-18113
-17570
5253
12375
-14998
-20103
20107
-25382
32699
3875
-11300
-4612
9650
2005
28000
-16457
29496
28967
-16467
-19145
6570
21
27262
-27338
-9066
-8105
18643
20164
16039
29037
-20983
-14692
2124
-17126
-7053
2625
28868
21839
-13759
18826
14648
-28511
1167
27672
-17503
17526
-23440
30295
26591
-31495
-16323
-8953
-9461
-23322
-11337
21075
-14309
10277
-26686
3268
13433
7792
31395
31145
24022
-21306
-6106
-1593
26880
-19657
-10345
-15314
-28413
14379
-12652
7816
-31976
-28634
-30827
16838
21409
-23913
11532
-21178
-26853
12936
-26581
299
-5067
22401
-6906
-18061
4762
31002
-17575
-27821
-212
-26010
-30397
-29931
-2788
-13425
-7445
-22336
-16853
-12789
5095
-20202
-1044
1510
22428
-5869
-21628
24515
2976
26051
2274
25575
1095
-4558
2278
16959
19085
31160
17989
-28168
4453
13416
-25716
-12483
-21142
-2342
20975
23451
18532
-12075
17650
32085
-27439
-1037
1296
-27648
32524
5120
18307
6725
-7179
-13767
18499
14107
-12092
-17447
29329
-21379
9333
-20655
-5731
6960
2601
4433
405
-32
-27842
-27330
-5464
-24784
-11906
-25285
26575
22129
9021
-25843
13788
7711
-22979
-21137
11826
-6702
10361
9000
16131
-8519
5362
7976
-25706
32226
-22907
15876
-26212
-20865
-7842
-18914
25609
-29011
-9362
-6641
-12993
-8734
-8051
11953
31530
4180
11425
5549
7845
-5177
8230
-8917
-601
-15751
-30249
28335
-16403
21351
-27900
-21556
-19178
-27707
24639
-7468
-19042
22846
2491
-540
29362
17651
-9240
10807
-29138
20054
12565
24240
-27261
-20054
-7013
25895
5766
-17364
-14444
-24963
8057
19441
-4934
32559
-6321
-8771
29111
-18893
-15388
-25641
5028
-25332
21352
-7101
-13667
942
-15900
10025
7796
30323
-21587
-8790
-22408
14699
-23457
10860
8724
-30696
-19119
-23491
-29705
-9470
18376
-14141
26356
17616
-13384
-30190
-23928
31666
1206
-30761
11652
15326
-31387
28704
32287
23447
10687
-10752
-28083
-8266
6908
-18851
25794
5370
15649
-32754
1351
-18239
-32155
-26696
-27550
-30258
9453
23721
-29242
-24792
-10384
-13130
-25347
31938
-13839
-6922
-20890
30636
-2413
-3551
14792
-18974
-4523
-5658
-6136
12790
11166
-18753
31633
31417
2819
12489
-7892
2082
3088
2670
-6641
-19279
-17066
11686
-2203
-7480
-32767
-26507
-5327
-22088
21290
-4972
-6758
-21001
2875
20488
27970
9362
-1519
28314
29662
-48
32168
-7980
29908
5768
20283
-5484
-28773
-2626
31288
-2169
-21906
-4489
-27463
-14932
-30722
-2245
8327
-17118
-12819
24864
-26297
-9586
32111
7293
30046
-25585
-31048
-28167
13629
18625
-24169
-26100
22970
-4905
-6474
-28261
14168
-30345
-17171
21566
-18325
29141
25885
25223
-20472
-13697
13233
-10261
19467
30603
31813
-13519
-6882
-2446
-25725
-24242
-2954
18571
-23469
4386
4016
10507
-14744
-14315
-10060
665
-27236
10832
6353
29900
5073
7877
10055
-7640
-31203
-23364
10351
-23520
362
2704
-19336
-3551
9001
-31633
25643
19334
28277
-4784
-679
-22785
-29690
-9050
-5172
30166
29481
-21097
26988
12836
-3213
-14050
-26642
30317
8666
-30464
23903
2428
-9938
7217
-3324
-31121
-9952
-30373
-25469
21926
4590
14485
-8109
22243
21662
24147
-20464
-10531
9195
7388
-16323
-14707
17349
17276
-20328
-17123
32603
26890
5793
-19477
-11791
-484
-21876
-19268
-30368
-3783
-17691
1435
3402
-29931
387
26781
22947
5206
11163
-11856
27856
-6492
-8736
-27777
24287
-22542
-10592
31401
8737
-11087
30333
4267
-32123
-7574
-31103
28979
-11562
-21713
-27128
-10479
-25786
-4925
-7103
18538
19287
16824
-20220
20026
-10623
-28160
13105
-3949
4969
-31027
-4482
-31978
-4446
-25504
8774
16141
-25935
-14341
11475
-5826
-18504
21403
-1009
11261
4616
-8918
-5590
19109
-15370
9340
-31274
-32126
-1881
23197
12531
-11834
3359
-31261
-5930
4304
1094
-26347
11664
25499
24573
-625
-21672
4446
14150
923
-5329
16893
22969
-17996
-22135
16654
5824
-18431
15903
-25602
3683
-15565
14954
17128
-24670
4093
-11930
22420
-15793
-18268
303
-8122
-7828
30680
7046
11746
27804
-28454
-10571
-10024
5742
-25640
18840
-22084
17427
27681
9674
9656
-27866
-24767
13931
-8322
-25260
-19009
-7018
11932
16840
-4422
-10240
-11248
21292
-28224
-25621
17766
15954
-27646
-1035
26668
14834
17639
-21917
9405
9026
-36
-31980
23480
-17429
8470
12060
-1353
-11941
-21255
-10840
-788
-6246
5129
31835
24077
-6652
-6962
-29188
26740
-20923
-3040
24219
15053
28285
4447
32367
-18993
-176
-21243
7320
18340
32691
-12228
-1309
17803
-19499
13186
-24808
-24538
-1859
6122
10818
30883
13644
20382
12509
9233
6493
16947
22533
-8479
21796
-15394
3763
3340
-13545
4758
24126
23489
-1855
15059
3755
6370
-11048
-31746
26729
-7992
14377
3856
-3391
14532
2068
28866
-11524
-31457
-21477
-3294
7974
10529
17304
-3878
25874
-17116
27468
26842
-7498
-6272
19067
-5409
-18416
4940
-6532
-11286
-30857
26306
19477
11263
-22609
-12063
22480
16114
-16467
-9107
27938
-3140
-22431
24277
7333
-27098
22666
-11950
7825
-2475
11641
-26306
-23384
2381
-22619
6859
6664
10547
-2655
-6207
3425
27972
-26840
-16091
16779
7359
32134
-938
26665
26763
-17775
21687
-14179
-32591
-19724
-20251
32195
-16417
-23860
-9967
-19881
20028
26614
22627
-6424
26080
-32110
11956
27380
-15115
-30768
16368
-15190
25842
-31499
-16320
-29932
-21310
-10874
14588
22561
-974
-1987
16358
13627
-5797
21488
-19745
17420
-20947
-3893
32264
