0 
0 
0 
0 
0 
0 
0 
0 
0 
0 
0 
0 
0 
0 
0 
0 
0 
0 
0 
0 
0 
0 
0 
0 
0 
0 
0 
0 
0 
0 
0 
0 
0 
0 
0 
0 
0 
0 
0 
0 
0 
0 
0 
0 
0 
0 
0 
0 
0 
0 
0 
0 
0 
0 
0 
0 
0 
0 
0 
0 
0 
0 
0 
2 
3 
0 
0 
0 
0 
0 
0 
0 
0 
0 
0 
0 
0 
0 
0 
0 
0 
0 
0 
0 
0 
0 
0 
0 
0 
0 
0 
0 
0 
0 
0 
0 
0 
0 
0 
0 
0 
0 
0 
0 
0 
0 
0 
0 
0 
0 
0 
0 
0 
0 
0 
0 
0 
0 
0 
0 
0 
0 
0 
0 
0 
0 
0 
21623 
31066 
14609 
-25482 
-10559 
-4735 
-28164 
2813 
-22530 
-6801 
-25666 
-20397 
1563 
-3265 
-25636 
20436 
7730 
27795 
19894 
-5225 
-10524 
3698 
-32151 
-26086 
5726 
-21793 
2700 
-24693 
12277 
-23819 
17827 
-6420 
27077 
4309 
18508 
-21082 
13390 
2642 
-20368 
25154 
452 
9374 
6976 
10314 
11512 
25556 
3411 
-4290 
-13197 
-29648 
25831 
-18636 
-31312 
-17233 
25750 
-15324 
4242 
2221 
-12446 
9564 
-4464 
2634 
-21561 
0 
0 
0 
0 
0 
0 
0 
0 
0 
0 
0 
0 
0 
0 
0 
0 
0 
0 
0 
0 
0 
0 
0 
0 
0 
0 
0 
0 
0 
0 
0 
0 
0 
0 
0 
0 
0 
0 
0 
0 
0 
0 
0 
0 
0 
0 
0 
0 
0 
0 
0 
0 
0 
0 
0 
0 
0 
0 
0 
0 
0 
0 
0 
